# Это 7- просека
5173961263
5230596803
893826122
6131347994
132208916
41354357
403897136
981727487
473307591
1168322109
479691309
5260499504
8428249897
509787247
593173536
910337307
1310717012
1374233429
1277541570
246335819
463239116
487858948
698635047
2126146630
464405317
571973803
723180141
1680207681
1203417948
400884315
1482456629
374274996
872143153
263035710
494305551
550773330
208441107
1235034277
320062920
998585347
809740195
8387708068
709050019
1014259458
32441991
63628794
1346388956
626466950
1663438450
6590323964
367279045
998738644
449517960
5206980408
821392283
1522499373
1301007609
5288635123
990678833
348519364
208923030
1648811373
273979897
1468560531
8609735662
7924559938
6970596852
422069813
5600326437
6508087983
449575253
1886151176
2135249217
381343109
5008325075
6972109351
745485378
128356188
269799109
185213760
480350291
1810679482
405219353
819177120
472693949
1775010426
772384347
1359205901
5622357236
277694426
495446454
5322618739
748747051
516517966
205838970
1015963929
924484377
1643029783
1700739138
5048760487
1702601957
5348565382
833696221
1759149178
378607713
462265293
2088401147
945930589
1282696176
1448537284
626989032
774212270
942729821
181548628
1116987364
530433814
540118336
1473180044
541906507
1636369297
1887971424
601959724
758656265
824407349
524948829
370186312
362723264
1030668457
316034681
1748444248
472629001
954107436
550933373
1185468798
968209872
5554822066
1062519813
7756727351
816327307
320406716
1422511261
486936705
642772534
1363845782
2087507741
397015164
8772022568
6347507566
824763522
1478435057
622480953
482540246
732089734
250883942
774571691
381557969
5246111755
141434845
731007655
7966070009
1383278716
6733963717
803121123
484279740
1256952733
612501348
1623710853
1194008681
1307585251
529237514
265744247
790324858
2056409740
1973592893
959418026
867884034
707799490
1148981711
1025900585
1556054703
746599772
1673911918
6265498055
1181923636
8432913080
1332567883
5173577904
251624376
513617902
1323818410
7509651520
1626615271
321017498
1391990492
515343587
466818179
91589519
5254411187
681242254
5191183579
1467112467
640912173
1050528915
1021406663
412230517
404529164
8868927555
1029952395
364670298
7868707178
986362816
8456532237
475965581
791259283
1220489957
1023617078
1031405657
1966864211
5846646626
461409604
798899591
360005651
2011094173
6883323104
480288806
819565034
802835881
1037885774
527486751
6741639012
438922580
1923892516
384188253
5797368706
5013455025
787354880
5170010518
436366737
5313660739
1076546708
146044519
959278806
266707672
300880469
822078996
1331810094
457316724
712008962
802393595
823197922
8490283641
130523565
2023599205
1379321510
400269063
308221824
8373671970
185568214
123103083
396177631
1450594037
1116327107
1993863701
6068013984
400006977
5367433833
1494634744
1978985586
457030647
2072272524
5721231539
1147028892
2122029909
305429449
329391831
1816236889
748703651
238732271
70162311
8290226501
829068320
960517634
893693552
351328847
681795003
408011118
5289211651
5007820804
5108798756
1050607563
538066604
816808321
326774812
954417357
1624280692
332531579
901722869
5496646111
974386503
1032112592
751991641
293552312
822647771
1055693998
490058267
826354887
527613592
787622557
1222908432
5601477733
704621052
5306038191
287679678
365050649
595495229
1141280883
6978172619
939459782
566851930
1016978917
429390321
5634294875
1081082790
227055420
736719900
451909235
544089789
8779205975
5074783933
634306488
6910998088
911732900
300542987
5496338906
6750965527
261448604
1278361454
720481245
1889940524
710338192
5459712934
713357448
5198096362
634274738
806911622
820921127
5225381945
983239416
664277353
7646439190
401042783
1943085048
517279076
6667412150
1349879830
228510803
781411563
1031433353
1834810342
784059010
917304584
2035614888
430742512
815652580
892312809
1336986863
1346953987
998499293
5106273738
5605584676
738330903
671467638
836958582
655695213
5497851767
399773522
1646394659
1341071748
992482794